00276262
00276329
00276336
00276416
00276511
00276689
00276778
00276790
00276952
00276954
00278880
00278912
00278968
00279169
00279259
00279279
00279284
00279345
00279515
00279598
00279685
00279764
00279813
00279867
00279928
00279932
00279984
00280231
00280273
00280319
00280368
00280423
00280464
00280500
00280520
00280614
00280673
00280753
00280853
00280862
00280950
00280977
00281070
00281074
00281075
00281317
00281385
00281411
00282625
00282631
00282712
00282784
00282992
00283074
00283155
00283270
00283429
00283608
00283780
00284006
00284154
00284213
00284285
00284420
00284427
00284484
00297730
00298595
00298609
00298633
00298687
00298690
00298771
00298773
00298862
00298967
00299055
00299144
00299147
00299184
00299243
00299584
00300279
00300345
00300415
00300418
00300487
00300540
00300571
00300600
00300655
00300687
00300784
00300800
00300863
00300908
00301912
00301915
00301918
00301932
00301973
00302053
00302137
00302265
00302269
00302300
00302347
00302380
00302391
00302393
00302737
00302831
00302872
00302919
00302925
00302956
00303007
00303079
00303201
00303208
00303264
00303266
00303291
00303304
00303338
00303421
00303499
00303560
00303638
00303832
00303846
00303892
00303943
00304006
00304008
00304128
00304178
00304198
00304211
00304243
00304308
00304337
00304409
00304431
00304494
00305380
00305543
00305571
00305618
00305671
00305674
00305723
00305727
00305735
00305777
00305811
00305920
00306269
00306278
00306310
00306384
00306419
00306442
00306448
00306451
00307126
00307195
00307259
00307306
00307354
00307358
00307394
00307454
00307514
00307539
00307569
00307601
00307619
00307656
00307710
00307716
00307732
00307861
00307935
00308047
00308084
00309375
00309390
00309440
00309516
00309640
00309674
00309759
00310015
00310247
00310249
00310341
00310370
00310405
00310468
00310473
00310634
00310691
00310738
00310809
00310863
00310872
00310969
00311071
00311170
00311244
00311287
00311321
00311365
00311402
00311473
00311481
00325713
00325790
00326439
00326446
00326468
00326551
00326657
00326695
00326834
00326870
00326923
00326945
00327057
00327103
00327265
00327342
00327490
00327582
00327636
00327662
00327745
00327761
00327764
00327860
00327862
00328042
00328099
00328221
00328263
00328333
00328374
00328393
00329716
00329778
00329780
00329829
00329835
00329869
00329964
00330025
00330074
00330079
00330101
00330160
00330166
00330203
00330294
00330470
00331033
00331082
00331085
00331129
00331215
00331239
00331697
00331710
00331742
00331772
00331804
00331825
00331860
00331875
00331905
00331951
00331975
00332303
00332304
00332720
00332896
00332915
00332953
00332955
00333181
00333192
00333367
00333380
00333426
00333469
00333487
00333519
00333650
00333707
00333778
00333828
00333853
00333904
00333979
00333994
00334264
00334317
00334350
00334384
00334413
00334443
00334455
00334487
00334564
00334580
00334588
00334637
00334678
00334737
00334779
00334842
00334849
00334878
00334890
00334907
00334960
00334993
00335016
00335022
00335056
00335082
00335083
00335131
00335170
00335177
00335222
00335282
00335290
00336506
00336548
00336567
00336630
00336678
00336719
00336782
00336832
00336852
00336915
00336927
00336944
00336998
00337005
00337052
00337107
00337156
00337176
00337215
00337263
00337335
00337371
00337404
00337451
00337491
00337542
00337662
00337705
00337833
00338183
00338220
00338259
00338263
00338349
00338377
00338480
00338498
00338608
00338675
00338712
00338767
00338834
00338846
00338897
00338933
00338967
00338987
00339037
00339070
00339205
00339346
00339387
00339396
00339435
00339500
00339535
00339562
00339590
00339758
00339849
00339957
00340030
00340072
00340368
00340453
00348885
00348894
00348895
00349011
00349014
00349033
00349051
00349111
00349114
00349169
00349268
00349309
00349327
00349335
00349451
00349481
00349498
00349526
00349533
00349534
00349582
00349592
00349637
00349646
00349693
00349841
00349842
00349944
00349977
00350013
00350067
00350121
00350144
00350160
00350184
00350220
00350310
00350361
00350440
00350479
00350531
00350682
00350749
00350751
00350803
00350842
00350848
00350880
00350923
00351062
00351160
00351223
00351296
00351325
00351359
00351364
00351455
00351550
00351628
00351636
00351671
00351698
00351832
00351894
00351969
00352056
00352107
00352274
00352340
00352394
00352436
00352448
00352494
00352514
00355261
00355273
00355529
00355544
00355563
00355599
00355650
00355651
00355754
00355848
00355861
00355877
00355995
00356077
00356095
00356124
00356177
00356205
00356250
00356259
00357193
00357283
00357293
00357355
00357409
00357451
00357500
00357539
00357620
00357679
00357713
00357750
00357772
00357821
00357887
00357962
00358031
00358096
00358115
00358175
00358215
00358233
00358300
00358325
00358333
00358395
00358516
00358541
00358577
00358615
00358656
00358985
00359010
00359058
00359124
00359170
00359171
00359191
00359279
00359286
00359310
00359355
00359398
00359441
00359472
00359541
00359586
00359593
00359623
00359677
00359678
00359717
00359735
00359766
00359823
00359872
00359918
00360026
00360063
00360129
00360161
00360209
00360244
00360293
00360309
00360348
00360373
00360402
00361738
00361795
00361862
00362204
00362297
00362345
00362354
00362388
00362445
00362552
00362619
00362661
00362776
00363033
00363096
00363129
00363198
00363262
00363400
00363664
00363710
00363738
00363830
00363910
00363947
00363979
00364030
00364076
00364098
00364160
00364214
00364292
